1
2.71828
7.38906
20.0855
54.5982
148.413
403.429
1096.63
2980.96
8103.08
22026.5
59874.1
162755
442413
1.2026e+06
3.26902e+06
8.88611e+06
2.4155e+07
6.566e+07
1.78482e+08
4.85165e+08
1.31882e+09
3.58491e+09
9.7448e+09
2.64891e+10
7.20049e+10
1.9573e+11
5.32048e+11
1.44626e+12
3.93133e+12
1.06865e+13
2.90488e+13
7.8963e+13
2.14644e+14
5.83462e+14
1.58601e+15
4.31123e+15
1.17191e+16
3.18559e+16
8.65934e+16
2.35385e+17
6.39843e+17
1.73927e+18
4.72784e+18
1.28516e+19
3.49343e+19
9.49612e+19
2.58131e+20
7.01674e+20
1.90735e+21
5.18471e+21
1.40935e+22
3.83101e+22
1.04138e+23
2.83075e+23
7.69479e+23
2.09166e+24
5.68572e+24
1.54554e+25
4.20121e+25
1.14201e+26
3.1043e+26
8.43836e+26
2.29378e+27
6.23515e+27
1.69489e+28
4.60719e+28
1.25236e+29
3.40428e+29
9.25378e+29
2.51544e+30
6.83767e+30
1.85867e+31
5.05239e+31
1.37338e+32
3.73324e+32
1.0148e+33
2.75851e+33
7.49842e+33
2.03828e+34
5.54062e+34
1.5061e+35
4.094e+35
1.11286e+36
3.02508e+36
8.22301e+36
2.23525e+37
6.07603e+37
1.65164e+38
4.48961e+38
1.2204e+39
3.3174e+39
9.01763e+39
2.45125e+40
6.66318e+40
1.81124e+41
4.92346e+41
1.33833e+42
3.63797e+42
9.88903e+42
